OPINIÓN POSITIVA

POLARIDAD:0.16434948979591837
SUBJETIVIDAD: 0.41267006802721096
